124.91 1873.65
106.4 1276.8
82.46 948.52
92.92 1161.5
82.7 1075.1
106.18 1380.34
91.5 896.5
101.35 1520.25
113.7 1490.0
42.0 250.0
58.35 350.0
89.97 989.67
133.0 1940.0
225.0 1950.0
180.0 2520.0
204.11 4490.42
279.48 5589.6
219.79 4835.38
68.42 1231.56
92.92 1393.8
64.15 769.8
79.27 1189.05
77.94 1169.1
174.37 3138.66
56.31 844.65
89.78 1346.7
151.39 3027.8
77.14 1157.1
291.49 3650.0
115.91 1200.0
106.84 1175.0
150.0 2250.0
74.73 1199.0
102.65 1349.85
89.0 1180.0
136.88 1600.0
163.07 2364.52
58.0 990.0
150.0 2540.0
174.0 2436.0
141.0 1696.0
146.2 2500.0
121.0 2178.0
76.27 838.0
90.5 1177.0
106.83 1602.4
211.63 2199.0